2
0,0,-20
6,0,-20
4
2.8,0,2,7
2.4,0,2,7
0.3,0,0,0
2.2,0,2,7
2
-0.3,0,0,0
2.5,0,2,7


77777777777777777777777711111111111111111111111100
11111111111111111111111177777777777777777777777700

77777777777777777777777777777777777777777777777700

77777777777777777777777777777700000000000000000000
00000000000000077777777777777777777777777777700000

77777777777777700000000000000000000000000000000000
00000000000000077777777777777700000000000000000000
00000000000000000000000000000000077777777777777700
00077700077700077700077700077700077700077700077766
77700077700077700077700077700077700077700077700066

///  eNB pool  ///
750,1299,40
6,0,-20
750,1299,40

///  UE pool (x, y, isEdge, Pa)  ///
0,-866,1,7
600,15,1,3
150,-100,0,3
-150,100,0,3
-450,-75,1,3
-75,450,1,3
350,-80,0,3
-250,350,0,3
15,-600,1,3
350,-250,0,3
-350,80,0,3
175,225,0,3
500,500,1,3
-175,225,0,3
